2	1	0	0	0	1	6	a01-000u.png	
2	1	0	0	0	1	5	a01-000x.png	
2	0	0	0	1	0	5	a01-003.png	
1	1	0	1	0	1	6	a01-003u.png	
2	0	0	1	0	0	5	a01-003x.png	
2	1	0	0	0	1	5	a01-007.png	
2	1	0	2	0	1	5	a01-007u.png	
0	1	0	1	0	0	5	a01-007x.png	
2	0	0	0	1	0	5	a01-011.png	
2	0	0	1	0	0	5	a01-043x.png	
2	0	0	1	0	0	6	a01-049.png	
1	1	0	2	0	1	6	a01-049u.png	
2	0	0	2	1	0	5	a01-049x.png	
2	0	0	1	0	0	4	a01-053.png	
2	1	0	0	0	1	6	a01-000u.png	
2	1	0	0	0	1	5	a01-000x.png	
2	0	0	0	1	0	5	a01-003.png	
1	1	0	1	0	1	6	a01-003u.png	
2	0	0	1	0	0	5	a01-003x.png	
2	1	0	0	0	1	5	a01-007.png	
2	1	0	2	0	1	5	a01-007u.png	
0	1	0	1	0	0	5	a01-007x.png	
2	0	0	0	1	0	5	a01-011.png	
2	0	0	1	0	0	5	a01-043x.png	
2	0	0	1	0	0	6	a01-049.png	
1	1	0	2	0	1	6	a01-049u.png	
2	0	0	2	1	0	5	a01-049x.png	
2	0	0	1	0	0	4	a01-053.png	
2	1	0	0	2	1	6	a01-011u.png	
0	1	0	1	1	0	2	a01-011x.png	
2	1	0	1	1	2	6	a01-014.png	
1	1	0	0	0	1	5	a01-014u.png	
0	1	0	2	0	0	5	a01-014x.png	
2	0	0	0	0	0	5	a01-020.png	
2	1	0	0	0	1	5	a01-020u.png	
2	1	0	1	1	0	5	a01-020x.png	
2	0	0	1	0	0	5	a01-026.png	
1	1	0	0	1	1	6	a01-026u.png	
2	0	0	1	0	0	5	a01-026x.png	
2	0	0	1	1	0	5	a01-030.png	
2	1	0	0	1	1	6	a01-030u.png	
2	0	0	1	0	0	5	a01-030x.png	
2	0	0	1	1	0	5	a01-038.png	
1	0	0	1	2	0	5	a01-038x.png	
1	1	0	1	0	0	3	a01-043.png	
1	1	0	0	0	1	5	a01-043u.png	
2	1	0	2	0	1	5	a01-053u.png	
0	0	0	1	0	0	5	a01-053x.png	
1	1	0	1	1	0	3	a01-058.png	
2	1	0	0	0	1	6	a01-058u.png	
2	0	0	1	0	0	3	a01-058x.png	
0	1	0	1	1	0	3	a01-063.png	
2	1	0	0	0	1	5	a01-063u.png	
1	1	0	1	2	0	5	a01-063x.png	
2	1	0	2	0	1	5	a01-068u.png	
2	1	0	0	0	1	5	a01-072u.png	
2	0	0	2	0	0	5	a01-072x.png	
2	1	0	1	0	0	5	a01-077.png	
2	1	0	0	0	1	5	a01-077u.png	
2	1	0	0	0	1	6	a01-082u.png	
2	0	0	1	0	0	2	a01-087.png	
2	1	0	0	0	1	6	a01-087u.png	
1	1	0	1	0	0	5	a01-091.png	
2	1	0	0	0	1	6	a01-091u.png	
1	1	0	2	0	1	5	a01-096u.png	
0	1	0	1	0	0	2	a01-102.png	
1	1	0	0	2	1	6	a01-102u.png	
1	0	0	0	0	2	5	a01-107.png	
1	1	0	0	0	1	6	a01-107u.png	
2	1	0	1	0	2	5	a01-113.png	
2	1	0	2	0	2	5	a01-113u.png	
0	1	0	1	0	1	5	a01-117.png	
2	1	0	2	0	1	5	a01-117u.png	
2	0	0	1	0	0	5	a01-122.png	
2	1	0	2	0	1	5	a01-122u.png	
0	0	0	2	2	0	3	a01-128.png	
1	0	0	2	0	1	6	a01-128u.png	
2	0	0	1	0	0	6	a01-132.png	
2	0	0	2	0	1	6	a01-132u.png	
2	1	0	1	2	0	5	a01-132x.png	
2	1	0	1	0	0	5	a02-000.png	
0	0	0	1	1	0	5	a02-004.png	
2	0	0	1	1	0	5	a02-008.png	
0	0	0	1	0	0	5	a02-012.png	
2	0	0	2	0	0	5	a02-017.png	
1	1	0	2	1	1	5	a02-020.png	
2	0	0	2	0	2	5	a02-024.png	
1	1	0	2	1	0	5	a02-027.png	
1	1	0	0	2	0	5	a02-032.png	
2	0	0	1	0	0	2	a02-037.png	
2	0	0	2	0	0	5	a02-042.png	
2	0	0	1	0	0	5	a02-046.png	
2	0	0	1	1	0	5	a02-050.png	
2	0	0	1	0	0	5	a02-053.png	
2	1	0	1	0	0	6	a02-057.png	
0	1	0	1	1	0	2	a02-062.png	
0	0	0	2	0	0	5	a02-067.png	
2	1	0	2	0	2	5	a02-072.png	
0	1	0	0	0	2	5	a02-078.png	
2	0	0	2	1	0	5	a02-082.png	
2	0	0	1	0	0	6	a02-086.png	
2	0	0	0	1	0	5	a02-090.png	
1	1	0	2	0	0	5	a02-093.png	
2	0	0	1	1	0	5	a02-098.png	
2	0	0	0	0	2	5	a02-102.png	
1	0	0	1	0	0	6	a02-106.png	
2	1	0	2	0	1	5	a02-111.png	
2	0	0	1	2	0	6	a02-116.png	
0	1	0	1	0	0	4	a02-120.png	
2	0	0	0	0	0	2	a02-124.png	
2	1	0	2	0	1	6	a03-006.png	
2	0	0	2	2	2	5	a03-009.png	
2	0	0	1	1	0	5	a03-011.png	
0	1	0	1	0	2	5	a03-014.png	
0	1	0	2	0	1	6	a03-017.png	
2	0	0	1	0	0	6	a03-020.png	
2	1	0	2	0	1	5	a03-023.png	
2	1	0	0	0	2	5	a03-027.png	
0	0	0	0	2	0	5	a03-030.png	
0	0	0	2	2	0	5	a03-034.png	
0	0	0	2	2	2	5	a03-037.png	
2	1	0	1	2	2	5	a03-040.png	
2	0	0	1	1	0	5	a03-043.png	
2	1	0	2	0	2	6	a03-047.png	
0	0	0	0	1	0	5	a03-050.png	
2	1	0	1	0	0	5	a03-054.png	
2	1	0	1	0	1	6	a03-059.png	
2	1	0	2	0	1	6	a03-063.png	
0	1	0	2	0	2	5	a03-066.png	
1	1	0	0	0	2	6	a03-071.png	
2	1	0	2	2	0	5	a03-073.png	
2	0	0	0	0	0	5	a03-080.png	
0	0	0	0	0	0	5	a03-089.png	
0	0	0	1	0	0	5	a04-000.png	
0	0	0	1	2	0	5	a04-003.png	
2	0	0	1	1	0	5	a04-006.png	
0	0	0	1	2	0	1	a04-010.png	
0	0	0	1	1	0	5	a04-015.png	
0	0	0	1	2	0	5	a04-019.png	
2	0	0	1	1	0	2	a04-023.png	
2	0	0	1	1	0	2	a04-027.png	
2	0	0	2	1	0	5	a04-031.png	
0	1	0	1	1	0	5	a04-035.png	
0	0	0	2	0	0	2	a04-039.png	
0	0	0	2	2	0	5	a04-043.png	
0	0	0	1	2	0	5	a04-047.png	
0	0	0	2	0	0	5	a04-050.png	
2	0	0	2	0	0	2	a04-054.png	
0	0	0	2	0	0	5	a04-059.png	
2	0	0	0	0	2	5	a04-066.png	
1	0	0	0	0	2	5	a04-069.png	
1	0	0	0	0	0	5	a04-072.png	
2	0	0	2	1	0	5	a04-081.png	
0	0	0	2	2	0	5	a04-085.png	
2	0	0	0	0	0	5	a04-089.png	
0	0	0	1	2	0	5	a04-092.png	
2	0	0	2	2	0	5	a04-096.png	
2	0	0	2	0	0	5	a04-099.png	
2	1	0	2	0	2	5	a04-103.png	
2	0	0	0	0	2	5	a05-000.png	
0	0	0	1	0	0	6	a05-004.png	
0	1	0	1	2	0	1	a05-009.png	
2	0	0	0	0	0	5	a05-013.png	
2	1	0	0	0	1	5	a05-017.png	
2	1	0	0	0	1	5	a05-022.png	
2	0	0	0	0	2	5	a05-025.png	
1	0	0	0	0	2	5	a05-029.png	
2	0	0	0	0	0	5	a05-039.png	
2	0	0	0	0	0	5	a05-044.png	
2	0	0	2	0	2	5	a05-048.png	
2	1	0	2	0	2	5	a05-053.png	
2	1	0	0	0	1	5	a05-058.png	
1	0	0	0	1	0	5	a05-062.png	
2	1	0	0	0	0	5	a05-069.png	
0	0	0	2	0	2	5	a05-073.png	
2	0	0	0	0	0	5	a05-080.png	
2	0	0	0	0	0	5	a05-084.png	
2	0	0	0	0	0	1	a05-089.png	
1	0	0	0	0	2	6	a05-094.png	
2	0	0	0	0	2	5	a05-099.png	
2	1	0	0	0	0	5	a05-104.png	
1	0	0	0	0	0	5	a05-108.png	
1	0	0	0	0	0	6	a05-113.png	
2	0	0	0	0	0	5	a05-116.png	
2	1	0	0	1	0	6	a05-121.png	
1	1	0	0	2	0	5	a05-125.png	
2	0	0	0	0	0	5	a06-000.png	
2	0	0	2	1	0	5	a06-004.png	
0	0	0	2	0	0	6	a06-008.png	
2	0	0	2	1	0	5	a06-014.png	
2	0	0	0	1	0	5	a06-020.png	
0	1	0	0	2	2	5	a06-025.png	
2	0	0	1	0	0	5	a06-036.png	
2	0	0	1	1	0	5	a06-039.png	
2	0	0	2	1	0	5	a06-044.png	
0	0	0	1	1	0	2	a06-051.png	
2	0	0	0	2	0	5	a06-057.png	
0	0	0	1	0	0	5	a06-064.png	
0	1	0	2	0	2	5	a06-070.png	
2	1	0	2	1	0	5	a06-075.png	
2	1	0	0	0	0	5	a06-090.png	
2	0	0	1	0	0	5	a06-095.png	
0	0	0	1	1	0	6	a06-100.png	
2	0	0	2	2	0	5	a06-110.png	
0	0	0	2	0	2	5	a06-114.png	
0	0	0	2	0	0	2	a06-119.png	
0	0	0	0	1	0	5	a06-124.png	
0	0	0	2	1	0	5	a06-128.png	
0	0	0	2	1	0	5	a06-134.png	
0	0	0	2	1	0	5	a06-141.png	
0	0	0	2	1	0	5	a06-147.png	
0	0	0	1	1	0	5	a06-152.png	
0	0	0	2	1	0	5	a06-157.png	
2	0	0	0	1	0	5	b01-000.png	
2	0	0	2	1	0	5	b01-004.png	
2	1	0	0	0	1	5	b01-009.png	
2	0	0	1	0	0	5	b01-014.png	
0	0	0	1	0	0	5	b01-018.png	
2	0	0	1	0	0	5	b01-023.png	
2	0	0	1	0	0	3	b01-027.png	
0	0	0	1	1	0	5	b01-033.png	
2	0	0	1	0	0	3	b01-038.png	
0	0	0	0	2	0	5	b01-044.png	
2	0	0	0	0	0	5	b01-049.png	
2	1	0	2	0	2	5	b01-053.png	
2	0	0	1	1	0	2	b01-057.png	
1	0	0	1	1	0	2	b01-062.png	
2	0	2	0	2	0	5	b01-073.png	
2	0	0	2	0	0	6	b01-079.png	
0	0	0	1	1	0	5	b01-084.png	
0	0	0	1	0	0	2	b01-089.png	
2	0	0	1	1	0	2	b01-094.png	
2	0	0	1	1	0	4	b01-113.png	
2	0	0	1	1	0	5	b01-118.png	
2	0	0	1	1	0	5	b01-122.png	
2	0	0	1	0	0	6	b01-127.png	
2	1	0	1	0	0	6	b01-132.png	
2	0	0	1	1	0	6	b01-136.png	
2	1	0	2	0	1	5	b02-013.png	
1	0	0	1	0	0	5	b02-035.png	
2	1	0	1	1	2	5	b02-045.png	
0	1	0	2	2	0	5	b02-097.png	
0	0	0	2	0	0	5	b02-102.png	
1	0	0	0	2	0	4	b02-105.png	
0	0	0	0	0	0	5	b03-025.png	
2	0	0	1	1	0	5	b03-087.png	
0	0	0	2	1	0	1	b03-092.png	
0	0	0	1	0	0	6	b03-098.png	
0	0	0	1	0	0	5	b03-104.png	
0	0	0	1	0	0	2	b03-109.png	
0	1	0	2	0	0	5	b03-114.png	
0	0	0	0	0	0	5	b04-000.png	
0	0	0	2	1	0	5	b04-004.png	
0	0	0	2	0	0	5	b04-010.png	
2	0	0	0	1	0	5	b04-020.png	
0	0	0	1	0	0	5	b04-026.png	
2	0	0	0	0	0	5	b04-034.png	
0	0	0	1	0	0	5	b04-040.png	
2	0	0	1	1	0	5	b04-047.png	
0	0	0	1	1	0	6	b04-054.png	
2	0	0	1	1	0	5	b04-060.png	
2	0	0	2	0	0	6	b04-066.png	
2	0	0	2	1	0	5	b04-075.png	
0	0	0	1	0	0	2	b04-081.png	
2	0	0	1	2	0	6	b04-089.png	
0	0	0	2	0	0	5	b04-096.png	
2	0	0	0	0	0	5	b04-103.png	
0	0	0	1	0	0	5	b04-107.png	
2	0	0	1	1	0	5	b04-116.png	
2	0	0	2	1	0	5	b04-121.png	
0	1	0	2	2	2	6	b04-128.png	
0	0	0	1	0	0	5	b04-134.png	
2	0	0	1	0	0	5	b04-140.png	
0	0	0	1	0	0	5	b04-147.png	
2	0	0	1	2	0	5	b04-154.png	
2	0	0	1	0	0	5	b04-162.png	
0	0	0	1	0	0	5	b04-169.png	
0	1	0	1	0	0	6	b04-175.png	
0	0	0	1	0	0	5	b04-181.png	
0	0	0	1	0	0	6	b04-187.png	
2	1	0	2	0	2	5	b04-195.png	
2	1	0	1	0	0	5	b04-202.png	
2	0	0	0	1	0	1	b04-208.png	
2	0	0	0	2	0	5	b05-017.png	
0	0	0	1	1	0	5	b05-032.png	
0	0	0	1	0	0	6	b05-038.png	
0	1	0	1	2	1	5	b05-042.png	
0	0	0	2	0	1	6	b05-045.png	
0	0	0	2	0	2	5	b05-050.png	
2	1	0	0	0	1	6	b05-055.png	
0	1	0	0	1	1	5	b05-058.png	
2	1	0	0	0	1	6	b05-062.png	
0	1	0	0	0	2	6	b05-067.png	
2	1	0	0	0	1	5	b05-071.png	
2	1	0	2	2	1	5	b05-074.png	
2	1	0	2	0	1	6	b05-079.png	
1	0	0	1	2	1	6	b05-083.png	
2	1	0	1	0	1	5	b05-088.png	
2	1	0	1	0	1	6	b05-098.png	
2	0	0	2	2	0	5	b06-000.png	
2	0	0	2	0	1	6	b06-004.png	
2	1	0	1	0	0	6	b06-008.png	
1	0	0	2	0	0	6	b06-012.png	
2	0	0	2	0	0	6	b06-015.png	
2	0	0	1	1	0	1	b06-019.png	
2	1	0	2	2	2	5	b06-023.png	
2	0	0	2	0	1	5	b06-027.png	
2	1	0	2	1	2	5	b06-032.png	
1	1	0	1	0	1	6	b06-036.png	
2	0	0	1	0	0	5	b06-042.png	
2	0	0	1	0	0	3	b06-045.png	
2	0	0	1	0	0	5	b06-049.png	
2	0	0	1	1	0	1	b06-053.png	
1	0	0	1	0	0	5	b06-056.png	
2	0	0	1	2	0	5	b06-059.png	
2	0	0	2	1	0	5	b06-064.png	
0	1	0	1	1	2	5	b06-068.png	
2	0	0	2	0	0	1	b06-071.png	
2	1	0	1	0	1	6	b06-075.png	
2	1	0	0	0	2	5	b06-079.png	
2	1	0	1	0	1	6	b06-082.png	
2	0	0	0	0	0	5	b06-087.png	
2	0	0	0	0	0	5	b06-090.png	
2	1	0	1	0	2	5	b06-093.png	
2	0	0	2	0	0	3	b06-097.png	
2	0	0	0	0	2	5	b06-100.png	
2	0	0	1	1	2	6	b06-110.png	
2	0	0	1	2	0	6	c01-009.png	
1	0	0	1	1	0	2	c01-014.png	
2	1	0	1	0	2	5	c01-066.png	
2	0	0	1	1	0	5	c02-000.png	
2	0	0	0	0	0	5	c02-003.png	
0	1	0	0	0	2	6	c02-007.png	
2	1	0	2	0	1	5	c02-012.png	
0	1	0	0	0	1	5	c02-017.png	
2	1	0	2	0	1	5	c02-022.png	
0	0	0	0	0	2	5	c02-026.png	
0	1	0	1	1	2	6	c02-030.png	
2	1	0	0	2	2	5	c02-035.png	
2	1	0	1	0	1	5	c02-049.png	
2	1	0	1	0	1	5	c02-056.png	
0	0	0	2	0	0	5	c02-059.png	
0	0	0	1	1	0	5	c02-078.png	
2	1	0	1	2	2	5	c02-082.png	
2	1	0	0	0	1	5	c02-089.png	
2	1	0	2	0	1	6	c03-000a.png	
2	0	0	2	1	1	3	c03-000b.png	
2	1	0	2	0	1	6	c03-000c.png	
2	1	0	2	0	1	6	c03-000d.png	
2	1	0	1	1	1	5	c03-000e.png	
2	1	0	2	0	1	6	c03-000f.png	
1	1	0	2	0	1	5	c03-003a.png	
2	0	0	2	0	1	6	c03-003b.png	
