0.0	0.0	56.88	5.42	5.76	135.55	180	a01-000u.png	
0.01	0.0	19.88	14.59	13.92	0	0	a01-000x.png	
-0.16	4.78	75.5	4.61	0.0	207.48	0	a01-003.png	
-0.4	0.0	73.36	1.94	22.83	119.65	180	a01-003u.png	
-0.15	4.98	76.69	1.2	2.46	207.57	0	a01-003x.png	
-0.15	0.0	24.18	8.62	6.45	150.92	0	a01-007.png	
-0.24	0.0	50.56	3.23	2.04	124.22	0	a01-007u.png	
0.34	1.44	66.0	1.81	7.02	207.75	0	a01-007x.png	
0.19	4.93	73.25	5.02	0.0	212.84	0	a01-011.png	
0.17	2.14	45.76	1.39	2.14	207.51	0	a01-043x.png	
-0.24	4.26	84.93	0.87	3.5	195.08	180	a01-049.png	
-0.66	0.0	77.38	2.48	3.54	121.19	180	a01-049u.png	
0.06	7.6	49.75	2.03	0.0	207.67	0	a01-049x.png	
-0.13	2.38	152.0	0.72	2.74	202.81	45	a01-053.png	
-0.21	0.0	44.9	6.55	1.72	124.14	180	a01-011u.png	
0.4	0.74	102.44	0.48	0.99	211.78	15	a01-011x.png	
-0.05	0.0	39.83	1.56	1.17	154.66	180	a01-014.png	
-0.39	0.0	44.38	4.57	6.22	120.45	0	a01-014u.png	
0.53	0.64	38.92	2.85	4.24	211.99	0	a01-014x.png	
-0.18	9.42	38.23	4.95	15.62	184.96	0	a01-020.png	
-0.11	0.0	40.24	4.06	4.71	116.6	0	a01-020u.png	
0.11	0.17	63.09	1.59	0.0	205.95	0	a01-020x.png	
-0.18	6.77	53.31	1.33	3.28	213.02	0	a01-026.png	
-0.37	0.0	57.91	3.95	0.0	123.34	180	a01-026u.png	
-0.1	8.29	45.59	1.49	6.07	209.9	0	a01-026x.png	
-0.03	5.51	65.29	1.51	0.0	211.95	0	a01-030.png	
-0.16	0.52	53.5	3.62	0.0	121.1	180	a01-030u.png	
0.18	6.87	55.13	1.26	2.41	208.68	0	a01-030x.png	
-0.16	5.77	62.35	1.66	0.99	203.89	0	a01-038.png	
-0.59	6.34	59.82	0.97	1.43	209.36	0	a01-038x.png	
-0.35	0.44	79.14	1.22	3.14	210.19	30	a01-043.png	
-0.41	0.0	73.5	4.4	7.75	117.94	0	a01-043u.png	
0.19	0.0	55.13	3.22	5.95	122.97	0	a01-053u.png	
0.21	5.47	69.25	0.82	4.66	205.55	0	a01-053x.png	
-0.49	0.71	503.67	0.15	0.84	216.27	30	a01-058.png	
-0.23	0.0	86.78	3.51	3.93	117.92	180	a01-058u.png	
-0.01	3.9	96.83	0.56	2.98	209.47	30	a01-058x.png	
0.29	0.0	239.29	0.76	0.0	215.59	30	a01-063.png	
-0.03	0.0	51.55	4.6	4.64	116.7	0	a01-063u.png	
-0.78	1.48	87.85	1.02	1.95	208.55	0	a01-063x.png	
-0.08	0.0	58.29	3.22	4.99	120.86	0	a01-068u.png	
-0.03	0.0	43.79	4.78	7.05	122.39	0	a01-072u.png	
0.06	11.29	33.75	3.36	8.82	209.72	0	a01-072x.png	
-0.25	0.71	63.06	1.1	4.53	223.06	0	a01-077.png	
-0.24	0.0	77.17	6.13	4.57	119.34	0	a01-077u.png	
-0.02	0.0	58.7	4.96	12.26	121.0	180	a01-082u.png	
-0.21	4.53	80.0	1.21	2.94	214.21	15	a01-087.png	
-0.2	0.0	50.5	3.94	10.08	120.81	180	a01-087u.png	
-0.64	0.08	59.73	1.15	2.81	216.98	0	a01-091.png	
-0.13	0.0	44.67	7.28	8.52	118.04	180	a01-091u.png	
-0.35	0.0	68.0	2.72	6.09	118.78	0	a01-096u.png	
0.55	0.73	97.3	1.18	6.02	225.01	15	a01-102.png	
-0.51	0.0	62.5	3.61	1.45	117.39	180	a01-102u.png	
-0.39	3.76	31.67	3.61	3.23	152.86	0	a01-107.png	
-0.36	0.0	43.64	4.68	5.53	122.35	180	a01-107u.png	
-0.13	0.0	47.27	1.54	3.67	153.65	0	a01-113.png	
-0.25	0.69	49.06	2.46	3.02	159.68	0	a01-113u.png	
0.3	0.0	49.72	1.63	2.8	144.9	0	a01-117.png	
0.01	0.0	54.39	2.32	10.39	118.43	0	a01-117u.png	
0.09	6.44	55.88	0.8	3.56	211.89	0	a01-122.png	
0.06	0.91	56.93	2.76	5.56	115.5	0	a01-122u.png	
0.3	2.76	130.8	2.39	1.21	214.99	30	a01-128.png	
-0.53	1.92	63.71	2.07	3.32	118.95	180	a01-128u.png	
-0.14	8.5	42.35	1.59	8.21	210.82	180	a01-132.png	
-0.07	2.67	61.08	3.01	5.92	126.93	180	a01-132u.png	
-0.01	0.24	49.92	1.38	1.64	207.26	0	a01-132x.png	
0.18	1.25	54.33	1.27	3.52	215.28	0	a02-000.png	
0.36	7.45	48.86	1.0	0.86	214.92	0	a02-004.png	
0.16	8.09	44.65	1.1	0.93	212.08	0	a02-008.png	
0.43	6.29	57.73	1.52	6.32	211.63	0	a02-012.png	
-0.26	1.73	71.1	2.66	3.02	215.67	0	a02-017.png	
-0.44	0.0	41.35	3.46	0.77	148.38	0	a02-020.png	
-0.06	3.35	36.67	3.28	5.18	166.73	0	a02-024.png	
-0.53	0.08	51.13	2.78	0.82	191.11	0	a02-027.png	
-0.4	0.11	47.1	4.69	1.21	197.8	0	a02-032.png	
-0.15	2.18	56.29	1.83	3.43	192.53	15	a02-037.png	
-0.02	2.32	53.0	2.98	10.21	215.07	0	a02-042.png	
0.08	7.98	44.33	1.52	2.13	209.58	0	a02-046.png	
0.12	5.8	61.0	1.26	0.0	211.09	0	a02-050.png	
0.17	7.27	48.67	1.93	3.16	211.24	0	a02-053.png	
-0.09	0.48	54.54	1.24	4.12	210.88	180	a02-057.png	
0.29	0.63	55.2	1.0	0.82	211.22	5	a02-062.png	
0.54	8.98	39.43	2.54	4.01	205.79	0	a02-067.png	
0.14	0.0	36.05	2.68	3.9	151.59	0	a02-072.png	
0.23	0.0	28.67	6.23	5.05	153.97	0	a02-078.png	
0.11	7.65	47.43	2.89	0.0	211.54	0	a02-082.png	
0.13	10.07	35.94	1.4	3.27	216.01	180	a02-086.png	
0.14	2.09	58.89	4.24	0.0	214.62	0	a02-090.png	
-0.33	1.45	46.76	2.35	7.01	215.28	0	a02-093.png	
-0.01	2.0	61.59	1.83	1.14	213.78	0	a02-098.png	
-0.06	4.13	29.75	5.36	2.27	164.23	0	a02-102.png	
-0.47	2.22	55.78	1.1	2.78	183.09	180	a02-106.png	
0.01	0.0	34.1	2.26	2.22	144.0	0	a02-111.png	
-0.16	5.51	64.07	0.79	1.54	210.66	180	a02-116.png	
0.37	0.47	98.0	1.98	3.71	211.59	45	a02-120.png	
-0.18	2.79	44.4	11.44	2.42	201.07	15	a02-124.png	
-0.1	0.0	42.42	2.3	2.25	143.05	180	a03-006.png	
-0.13	3.03	51.21	2.85	1.83	175.08	0	a03-009.png	
0.17	5.02	70.5	1.05	0.0	213.36	0	a03-011.png	
0.37	0.0	82.64	1.52	4.67	151.55	0	a03-014.png	
0.24	0.04	47.62	2.31	6.99	146.3	180	a03-017.png	
-0.1	2.51	82.0	1.43	3.02	189.6	180	a03-020.png	
-0.14	0.0	31.92	3.44	3.54	140.45	0	a03-023.png	
0.03	0.0	36.11	3.58	3.15	152.58	0	a03-027.png	
0.3	2.38	36.5	3.88	1.78	191.01	0	a03-030.png	
0.31	8.26	42.87	3.38	1.8	187.05	0	a03-034.png	
0.44	1.95	44.58	2.51	1.42	164.69	0	a03-037.png	
-0.21	0.0	38.18	1.67	2.0	153.78	0	a03-040.png	
0.13	6.11	57.92	1.86	0.0	206.38	0	a03-043.png	
-0.18	1.01	34.6	2.56	4.41	176.53	180	a03-047.png	
0.22	1.85	48.0	5.44	0.0	214.38	0	a03-050.png	
0.18	1.35	64.59	1.27	5.53	195.16	0	a03-054.png	
0.01	0.0	59.27	1.25	2.01	141.38	180	a03-059.png	
0.13	0.0	35.65	2.3	5.53	150.22	180	a03-063.png	
0.26	0.0	40.81	3.25	3.39	153.3	0	a03-066.png	
-0.34	1.64	48.67	4.17	2.24	168.69	180	a03-071.png	
-0.27	0.81	42.0	2.62	1.48	197.53	0	a03-073.png	
-0.14	3.12	39.38	4.64	2.5	186.34	0	a03-080.png	
0.33	6.31	19.5	57.38	4.07	196.77	0	a03-089.png	
0.28	5.58	64.11	1.25	4.5	213.94	0	a04-000.png	
0.49	5.21	69.09	0.74	1.76	214.28	0	a04-003.png	
0.13	2.25	68.31	0.71	0.92	212.55	0	a04-006.png	
0.55	3.74	95.85	0.57	1.52	215.33	-15	a04-010.png	
0.33	5.6	64.07	0.8	1.1	211.91	0	a04-015.png	
0.24	6.81	52.69	1.03	1.29	211.86	0	a04-019.png	
-0.14	4.8	75.18	0.94	0.0	211.03	15	a04-023.png	
0.01	4.38	82.11	0.92	0.0	211.19	15	a04-027.png	
0.19	8.05	45.07	2.02	1.17	207.78	0	a04-031.png	
0.34	1.13	44.2	1.95	0.0	213.67	0	a04-035.png	
0.21	7.9	45.17	2.42	2.05	209.93	15	a04-039.png	
0.2	8.03	44.71	2.39	1.26	199.37	0	a04-043.png	
0.27	6.89	53.12	1.01	1.34	211.6	0	a04-047.png	
0.47	6.5	56.0	2.62	8.28	208.13	0	a04-050.png	
0.16	5.43	66.8	2.5	3.3	211.06	15	a04-054.png	
0.25	6.65	55.0	2.64	5.92	213.6	0	a04-059.png	
-0.12	1.96	33.73	4.05	5.11	168.46	0	a04-066.png	
-0.4	1.82	30.22	6.35	4.46	171.03	0	a04-069.png	
-0.51	9.66	38.0	3.72	4.91	210.77	0	a04-072.png	
0.12	6.78	54.11	2.26	0.0	215.79	0	a04-081.png	
0.32	9.69	37.36	3.16	1.51	216.14	0	a04-085.png	
0.05	7.98	45.5	3.55	5.74	213.22	0	a04-089.png	
0.49	8.8	41.57	1.19	1.21	216.91	0	a04-092.png	
-0.19	6.98	52.14	2.51	1.26	211.29	0	a04-096.png	
-0.01	6.62	55.0	2.05	4.09	203.75	0	a04-099.png	
-0.23	0.07	42.94	2.52	3.77	163.81	0	a04-103.png	
0.12	3.94	31.2	16.13	4.72	177.15	0	a05-000.png	
0.33	2.36	45.43	1.32	5.65	206.61	180	a05-004.png	
0.36	0.14	49.46	1.23	1.95	197.73	-5	a05-009.png	
0.06	2.68	45.86	7.26	2.51	205.79	0	a05-013.png	
-0.19	0.0	38.19	4.29	2.16	147.46	0	a05-017.png	
-0.14	0.0	34.5	9.27	3.04	144.08	0	a05-022.png	
-0.14	3.93	31.27	5.9	4.89	152.02	0	a05-025.png	
-0.33	2.32	53.0	5.2	2.16	170.53	0	a05-029.png	
-0.01	2.03	45.25	3.56	2.19	214.7	0	a05-039.png	
0.12	2.85	43.14	6.85	3.55	205.75	0	a05-044.png	
0.0	3.09	39.75	3.24	2.75	162.24	0	a05-048.png	
-0.1	0.94	34.19	3.43	2.68	151.15	0	a05-053.png	
-0.2	0.0	29.5	9.0	10.38	144.91	0	a05-058.png	
-0.3	3.7	33.25	10.98	0.0	213.52	0	a05-062.png	
0.03	1.36	34.57	8.33	15.29	213.52	0	a05-069.png	
0.25	2.98	41.33	3.15	3.76	171.58	0	a05-073.png	
-0.1	2.8	44.0	16.32	6.1	214.17	0	a05-080.png	
0.07	2.92	42.17	5.63	4.25	214.26	0	a05-084.png	
0.17	2.11	58.25	9.3	9.85	216.24	-15	a05-089.png	
-0.31	1.77	69.67	3.85	3.02	172.11	180	a05-094.png	
-0.18	3.57	34.5	6.83	4.98	152.99	0	a05-099.png	
0.15	1.57	50.33	9.26	4.81	214.55	0	a05-104.png	
-0.43	2.66	46.17	9.1	3.11	201.94	0	a05-108.png	
-0.32	1.83	67.25	10.09	2.82	187.51	180	a05-113.png	
0.03	2.38	51.75	5.55	4.12	214.19	0	a05-116.png	
-0.16	0.61	74.0	7.0	0.0	217.19	180	a05-121.png	
-0.48	0.91	52.67	17.77	1.37	196.28	0	a05-125.png	
-0.01	12.03	29.6	13.4	6.45	191.57	0	a06-000.png	
-0.0	9.48	37.75	2.3	0.0	217.59	0	a06-004.png	
0.43	6.39	56.0	2.63	2.65	223.9	180	a06-008.png	
-0.07	4.89	73.17	2.24	0.98	224.18	0	a06-014.png	
0.07	4.83	43.25	7.29	0.0	224.72	0	a06-020.png	
0.23	0.0	37.33	6.92	1.67	151.92	0	a06-025.png	
-0.03	5.31	67.61	1.09	5.01	213.79	0	a06-036.png	
-0.02	6.78	52.81	1.74	0.0	223.43	0	a06-039.png	
-0.08	8.01	44.81	2.97	1.06	188.89	0	a06-044.png	
0.39	4.19	85.64	0.71	0.0	221.4	15	a06-051.png	
0.13	3.0	55.29	5.89	1.74	223.75	0	a06-057.png	
0.31	9.34	38.33	1.92	4.14	222.97	0	a06-064.png	
0.45	0.0	52.75	2.7	2.05	160.27	0	a06-070.png	
-0.24	0.24	67.08	2.6	0.79	220.81	0	a06-075.png	
0.19	0.59	26.91	7.9	6.34	214.14	0	a06-090.png	
0.13	7.63	46.79	1.31	2.25	220.11	0	a06-095.png	
0.3	4.82	74.0	1.54	0.0	218.3	180	a06-100.png	
0.19	8.86	40.42	2.75	1.32	184.25	0	a06-110.png	
0.92	7.1	50.27	2.59	2.65	175.19	0	a06-114.png	
0.32	5.26	68.0	3.18	6.42	214.99	5	a06-119.png	
0.54	6.4	55.75	3.61	0.0	209.83	0	a06-124.png	
0.72	3.68	97.17	2.16	0.0	218.89	0	a06-128.png	
0.47	5.07	70.8	2.93	0.0	216.8	0	a06-134.png	
0.38	6.36	56.0	2.44	0.0	212.8	0	a06-141.png	
0.3	7.74	46.14	3.26	0.0	214.78	0	a06-147.png	
0.73	7.26	49.47	1.4	1.19	220.04	0	a06-152.png	
0.37	6.53	54.5	2.42	0.0	213.44	0	a06-157.png	
0.06	8.41	37.33	24.5	0.0	213.69	0	b01-000.png	
-0.04	6.38	48.57	3.42	0.0	212.31	0	b01-004.png	
-0.03	1.2	25.83	9.71	3.11	145.96	0	b01-009.png	
-0.12	5.07	61.29	1.35	5.11	210.5	0	b01-014.png	
0.39	5.08	61.0	1.02	5.5	227.48	0	b01-018.png	
0.02	4.69	66.33	0.99	4.06	228.35	0	b01-023.png	
0.16	5.26	58.71	0.88	2.17	229.25	30	b01-027.png	
0.45	4.68	65.75	1.05	0.0	222.34	0	b01-033.png	
-0.13	6.4	48.3	1.06	3.14	225.01	30	b01-038.png	
0.45	3.49	41.0	4.19	1.82	210.33	0	b01-044.png	
-0.05	8.78	34.83	13.09	3.35	210.09	0	b01-049.png	
-0.19	0.03	35.67	2.59	2.67	155.52	0	b01-053.png	
-0.22	3.93	78.69	0.98	0.0	226.68	15	b01-057.png	
-0.48	3.72	83.17	0.74	0.0	227.01	15	b01-062.png	
-0.18	21.2	14.67	11.57	2.0	229.47	0	b01-073.png	
-0.12	6.34	48.92	2.69	2.99	224.1	180	b01-079.png	
0.27	4.85	64.14	1.56	0.0	223.04	0	b01-084.png	
0.23	4.81	63.82	1.32	5.6	223.89	5	b01-089.png	
-0.25	4.36	70.8	1.24	0.0	227.98	15	b01-094.png	
-0.19	3.99	78.12	1.15	0.0	226.14	45	b01-113.png	
-0.07	3.66	85.57	1.15	0.0	225.72	0	b01-118.png	
0.06	4.88	64.0	1.18	0.77	226.89	0	b01-122.png	
0.09	6.26	50.0	1.05	2.46	229.01	180	b01-127.png	
-0.0	1.19	65.55	1.26	2.81	228.23	180	b01-132.png	
-0.24	3.98	79.2	0.99	0.0	229.54	180	b01-136.png	
-0.04	0.0	34.67	3.12	4.71	142.89	0	b02-013.png	
-0.34	5.89	52.93	1.5	5.99	214.63	0	b02-035.png	
0.17	0.69	59.62	0.91	0.0	170.34	0	b02-045.png	
0.34	1.62	42.0	2.24	1.51	209.05	0	b02-097.png	
0.29	6.64	47.11	2.31	3.76	216.93	0	b02-102.png	
-0.37	13.09	23.75	6.69	1.43	209.44	45	b02-105.png	
0.22	6.32	48.08	3.97	4.09	209.59	0	b03-025.png	
0.11	3.61	84.0	1.54	0.0	215.6	0	b03-087.png	
0.26	4.96	60.83	2.01	0.0	218.21	-5	b03-092.png	
0.26	5.03	60.0	1.89	5.97	217.33	180	b03-098.png	
0.54	6.59	46.45	1.12	2.12	216.71	0	b03-104.png	
0.28	4.54	67.0	0.73	4.0	214.33	15	b03-109.png	
0.62	1.18	63.33	2.21	3.85	218.49	0	b03-114.png	
0.54	7.02	44.6	4.57	8.48	212.37	0	b04-000.png	
0.28	7.48	41.82	2.95	0.0	209.37	0	b04-004.png	
0.43	5.46	57.73	2.76	4.66	207.64	0	b04-010.png	
0.08	8.06	38.33	3.79	0.0	207.81	0	b04-020.png	
0.45	5.5	55.85	1.01	7.82	211.13	0	b04-026.png	
0.09	6.03	51.27	4.04	9.62	212.36	0	b04-034.png	
0.39	5.54	55.6	1.19	8.21	208.08	0	b04-040.png	
0.19	5.69	54.11	1.23	0.0	208.43	0	b04-047.png	
0.35	4.09	75.14	1.25	0.0	212.36	180	b04-054.png	
0.15	5.21	59.33	1.04	0.72	212.64	0	b04-060.png	
0.03	7.27	42.09	2.1	9.19	211.51	180	b04-066.png	
0.1	5.58	55.2	2.21	0.0	212.14	0	b04-075.png	
0.34	1.98	156.5	1.25	3.87	210.81	5	b04-081.png	
0.15	4.3	71.38	1.68	1.87	207.4	180	b04-089.png	
0.39	6.92	44.54	2.08	3.01	212.75	0	b04-096.png	
-0.04	1.72	33.13	3.6	4.57	203.03	0	b04-103.png	
0.34	5.8	53.78	0.98	8.52	213.97	0	b04-107.png	
0.17	6.24	49.33	1.52	0.0	209.76	0	b04-116.png	
0.1	8.69	36.0	2.29	0.0	209.39	0	b04-121.png	
0.2	0.12	33.28	2.45	1.51	154.1	180	b04-128.png	
0.39	4.02	77.3	1.39	3.17	215.87	0	b04-134.png	
0.07	6.55	47.6	1.35	2.9	210.88	0	b04-140.png	
0.39	3.81	81.4	0.96	12.18	213.77	0	b04-147.png	
0.18	6.5	48.0	1.43	1.24	209.64	0	b04-154.png	
0.18	5.67	54.12	0.92	2.2	211.67	0	b04-162.png	
0.32	5.89	53.0	1.22	10.54	210.81	0	b04-169.png	
0.32	1.08	76.23	0.82	2.41	213.67	180	b04-175.png	
0.22	7.4	42.0	1.82	3.19	210.44	0	b04-181.png	
0.53	6.38	48.77	1.64	2.06	214.68	180	b04-187.png	
0.19	0.02	43.28	2.67	3.71	159.15	0	b04-195.png	
0.16	0.14	43.56	1.31	8.05	211.15	0	b04-202.png	
0.12	2.2	140.0	9.15	0.0	207.69	-5	b04-208.png	
0.19	6.1	49.88	4.72	1.96	213.12	0	b05-017.png	
0.31	2.01	57.14	1.2	1.08	190.83	0	b05-032.png	
0.5	4.07	75.11	1.02	2.46	212.77	180	b05-038.png	
0.35	0.0	68.73	1.19	1.7	146.88	0	b05-042.png	
0.29	2.53	79.92	2.16	12.22	150.3	180	b05-045.png	
0.2	3.52	56.83	2.28	4.45	151.15	0	b05-050.png	
0.13	0.0	37.27	5.34	4.27	138.7	180	b05-055.png	
0.31	0.51	41.06	4.01	0.0	145.65	0	b05-058.png	
0.07	0.0	43.31	4.76	6.98	144.67	180	b05-062.png	
0.28	0.0	52.25	4.32	9.16	151.38	180	b05-067.png	
0.0	0.0	30.37	4.59	2.15	149.87	0	b05-071.png	
-0.03	0.74	31.26	2.61	1.63	144.52	0	b05-074.png	
-0.19	0.0	44.05	2.07	5.58	135.58	180	b05-079.png	
-0.77	2.6	61.06	1.92	1.98	141.49	180	b05-083.png	
-0.11	0.0	81.56	1.2	3.99	137.88	0	b05-088.png	
0.01	0.0	74.53	1.12	3.11	134.91	180	b05-098.png	
0.08	7.29	42.0	2.08	1.21	208.72	0	b06-000.png	
-0.06	2.03	39.91	2.75	3.49	143.69	180	b06-004.png	
-0.23	0.74	74.27	0.84	8.35	218.06	180	b06-008.png	
-0.3	4.69	63.33	2.13	5.98	200.41	180	b06-012.png	
0.06	3.03	36.0	3.15	5.77	206.88	180	b06-015.png	
-0.15	3.84	68.44	1.64	0.79	210.55	-5	b06-019.png	
0.19	0.19	36.67	3.3	1.2	159.97	0	b06-023.png	
-0.08	2.32	47.06	2.21	4.2	144.74	0	b06-027.png	
-0.18	0.0	60.62	2.89	0.78	152.05	0	b06-032.png	
-0.46	0.0	60.47	1.56	10.14	141.24	180	b06-036.png	
0.13	6.25	49.14	1.05	5.62	218.18	0	b06-042.png	
-0.18	4.2	71.27	1.98	3.26	219.49	30	b06-045.png	
-0.05	4.12	45.33	1.25	2.34	187.6	0	b06-049.png	
-0.19	5.63	53.69	1.68	1.03	214.43	-5	b06-053.png	
-0.39	4.25	72.22	0.77	2.58	217.18	0	b06-056.png	
0.04	7.77	39.5	1.49	1.36	218.9	0	b06-059.png	
-0.0	6.15	49.92	3.26	0.0	207.6	0	b06-064.png	
0.36	1.24	44.37	1.77	0.0	169.36	0	b06-068.png	
0.07	5.73	53.08	2.25	2.59	196.33	-5	b06-071.png	
-0.21	0.0	50.96	1.41	7.32	132.08	180	b06-075.png	
-0.12	0.02	57.0	4.26	2.39	164.18	0	b06-079.png	
-0.07	1.34	88.38	1.32	3.27	143.95	180	b06-082.png	
-0.02	8.43	36.89	4.99	11.6	213.22	0	b06-087.png	
0.15	10.79	28.54	5.91	11.32	218.05	0	b06-090.png	
-0.01	0.04	52.8	1.77	6.4	156.89	0	b06-093.png	
0.1	5.25	58.71	2.16	3.22	212.45	30	b06-097.png	
-0.04	2.83	33.93	4.39	4.02	169.03	0	b06-100.png	
-0.09	5.17	57.65	1.8	0.84	153.94	180	b06-110.png	
0.05	6.45	53.29	1.65	1.83	229.58	180	c01-009.png	
-0.35	4.7	76.35	0.64	0.85	225.59	5	c01-014.png	
-0.17	0.0	47.47	1.31	2.61	157.94	0	c01-066.png	
0.13	6.3	57.13	1.18	0.0	210.15	0	c02-000.png	
0.15	3.26	43.0	8.66	3.65	210.6	0	c02-003.png	
0.36	0.05	41.58	4.76	2.52	151.98	180	c02-007.png	
-0.08	0.0	39.15	2.28	3.36	139.03	0	c02-012.png	
0.31	0.03	39.31	4.63	5.24	142.88	0	c02-017.png	
-0.14	0.0	37.1	2.91	3.37	147.45	0	c02-022.png	
0.24	2.48	27.86	7.23	6.84	151.86	0	c02-026.png	
0.34	0.0	71.43	1.2	1.08	155.3	180	c02-030.png	
0.02	0.0	38.36	4.29	1.38	151.91	0	c02-035.png	
0.13	0.0	62.86	1.32	4.66	143.86	0	c02-049.png	
0.14	0.0	42.56	1.88	2.72	141.46	0	c02-056.png	
0.6	5.61	64.2	2.3	2.04	210.37	0	c02-059.png	
0.26	5.94	60.73	1.23	0.72	205.31	0	c02-078.png	
0.02	0.34	43.54	1.65	1.31	154.21	0	c02-082.png	
-0.03	0.09	23.5	12.96	7.09	150.9	0	c02-089.png	
0.12	0.0	48.47	3.25	4.0	124.13	180	c03-000a.png	
0.12	6.39	55.69	2.6	1.19	145.54	30	c03-000b.png	
-0.11	0.0	50.6	3.29	5.51	117.69	180	c03-000c.png	
-0.03	0.0	57.13	3.04	5.94	122.15	180	c03-000d.png	
-0.1	0.0	85.71	1.89	0.78	119.49	0	c03-000e.png	
-0.02	0.0	63.69	2.13	10.41	117.68	180	c03-000f.png	
-0.31	0.0	54.35	2.81	6.12	122.28	0	c03-003a.png	
-0.07	3.3	57.22	2.24	2.84	128.0	180	c03-003b.png	
